cfg12-45.json
7 sats found: [2017, 2033, 2865, 2873, 2929, 2937, 3953]
-----------------------
cfg12-55.json
9 sats found: [785, 787, 915, 2320, 2321, 2322, 2323, 2325, 2362]
----------------------
cfg12-66.json
no sat: []
-----------------
config20_80.json
 .\solver5.py config20_80.json
166 sats: [(712, 781), (712, 909), (712, 845), (712, 973), (644, 525), (644, 781), (644, 653), (644, 909), (644, 589), (644, 845), (644, 717), (644, 973), (644, 813), (644, 941), (644, 527), (644, 783), (644, 655), (644, 911), (644, 591), (644, 847), (644, 719), (644, 975), (644, 815), (644, 943), (708, 525), (708, 781), (708, 653), (708, 909), (708, 589), (708, 845), (708, 717), (708, 973), (708, 813), (708, 941), (164, 942), (164, 911), (164, 943), (676, 973), (676, 911), (676, 975), (676, 943), (716, 525), (716, 781), (716, 653), (716, 909), (716, 589), (716, 845), (716, 717), (716, 973), (713, 525), (713, 781), (713, 653), (713, 909), (713, 717), (713, 973), (713, 647), (713, 903), (713, 527), (713, 783), (713, 655), (713, 911), (745, 647), (745, 663), (645, 525), (645, 781), (645, 653), (645, 909), (645, 717), (645, 973), (645, 813), (645, 941), (645, 647), (645, 903), (645, 711), (645, 967), (645, 935), (645, 999), (645, 527), (645, 783), (645, 655), (645, 911), (645, 719), (645, 975), (645, 815), (645, 943), (709, 525), (709, 781), (709, 653), (709, 909), (709, 717), (709, 973), (709, 813), (709, 941), (709, 647), (709, 903), (709, 711), (709, 967), (709, 935), (709, 999), (709, 527), (709, 783), (709, 655), (709, 911), (709, 719), (709, 975), (709, 815), (709, 943), (165, 934), (165, 950), (165, 942), (165, 647), (165, 903), (165, 935), (165, 663), (165, 919), (165, 951), (165, 911), (165, 943), (677, 973), (677, 647), (677, 903), (677, 711), (677, 967), (677, 935), (677, 999), (677, 663), (677, 919), (677, 951), (677, 911), (677, 975), (677, 943), (229, 647), (229, 663), (741, 647), (741, 711), (741, 663), (53, 919), (565, 919), (181, 919), (693, 919), (717, 525), (717, 781), (717, 653), (717, 909), (717, 717), (717, 973), (717, 647), (717, 903), (717, 527), (717, 783), (717, 655), (717, 911), (173, 646), (173, 902), (173, 662), (173, 918), (173, 647), (173, 903), (173, 663), (173, 919), (237, 646), (237, 662), (237, 647), (237, 663), (749, 647), (749, 663)], or

166 sats: [729869, 729997, 729933, 730061, 659981, 660237, 660109, 660365, 660045, 660301, 660173, 660429, 660269, 660397, 659983, 660239, 660111, 660367, 660047, 660303, 660175, 660431, 660271, 660399, 725517, 725773, 725645, 725901, 725581, 725837, 725709, 725965, 725805, 725933, 168878, 168847, 168879, 693197, 693135, 693199, 693167, 733709, 733965, 733837, 734093, 733773, 734029, 733901, 734157, 730637, 730893, 730765, 731021, 730829, 731085, 730759, 731015, 730639, 730895, 730767, 731023, 763527, 763543, 661005, 661261, 661133, 661389, 661197, 661453, 661293, 661421, 661127, 661383, 661191, 661447, 661415, 661479, 661007, 661263, 661135, 661391, 661199, 661455, 661295, 661423, 726541, 726797, 726669, 726925, 726733, 726989, 726829, 726957, 726663, 726919, 726727, 726983, 726951, 727015, 726543, 726799, 726671, 726927, 726735, 726991, 726831, 726959, 169894, 169910, 169902, 169607, 169863, 169895, 169623, 169879, 169911, 169871, 169903, 694221, 693895, 694151, 693959, 694215, 694183, 694247, 693911, 694167, 694199, 694159, 694223, 694191, 235143, 235159, 759431, 759495, 759447, 55191, 579479, 186263, 710551, 734733, 734989, 734861, 735117, 734925, 735181, 734855, 735111, 734735, 734991, 734863, 735119, 177798, 178054, 177814, 178070, 177799, 178055, 177815, 178071, 243334, 243350, 243335, 243351, 767623, 767639]
